   0
   0
   0
   0
  23
   0
  10
  16
  27
   6
  68
  87
  43
 107
 465
 801
1140
1089
1186
1126
1023
1094
 883
 936
1072
 817
 942
 926
1011
 825
1057
 701
 811
 771
 625
 488
 708
 653
 870
1053
1198
 990
1246
1252
1119
1865
1312
1297
1026
1542
2006
2282
2209
2051
2380
2888
2600
2747
2815
2560
2507
2550
3097
3300
3389
3310
3933
3403
4316
5014
4786
4491
4174
4402
4438
4860
5462
5222
5188
4827
4752
4575
4217
4468
4781
4056
4589
3968
4593
4424
4164
4607
4329
4396
4151
4145
3616
3542
3857
3147
3297
3060
2978
3138
3155
3313
2884
3013
2567
2892
3126
3277
3498
3273
3428
3358
2995
2903
3304
2939
3393
3088
3033
3268
3841
3532
3531
3751
4114
4253
4615
4436
4171
4296
3972
4702
4030
3560
4079
3508
3552
3952
3964
4536
4676
4486
4237
4932
5598
5454
5151
5763
6381
5811
5994
5887
6230
5875
5846
5893
6038
6193
6648
6019
5449
6496
6404
6423
5494
5637
5258
5282
4779
5247
5144
4854
5193
5172
5050
5173
4498
4592
4177
4390
4222
4333
4052
4120
3648
3693
3186
2999
3050
2632
2460
2595
2299
2429
2201
2073
1285
